181.541 131.784 374.72 
182.291 132.057 374.793 
182.572 131.967 374.366 
182.921 132.079 374.84 
187.032 139.246 378.054 
189.345 139.753 378.698 
189.595 140.739 378.736 
190.066 141.568 379.595 
189.685 141.089 380.514 
189.084 139.173 382.191 
188.663 138.764 383.998 
188.447 139.801 385.86 
188.142 138.9 386.002 
188.162 136.748 387.441 
188.199 134.072 388.538 
187.708 133.648 390.994 
186.8 134.163 393.53 
186.481 134.327 394.252 
187.04 134.019 393.536 
187.705 133.665 392.844 
188.255 131.882 393.252 
187.272 131.131 394.566 
186.344 130.75 395.775 
186.48 130.085 395.256 
185.803 130.279 395.78 
186.18 130.65 397.875 
184.663 130.305 396.34 
184.199 130.82 396.04 
183.666 130.497 395.464 
184.518 130.354 395.679 
184.572 129.899 397.921 
184.319 129.277 402.021 
185.911 128.398 404.285 
186.611 127.52 405.212 
187.994 127.979 407.424 
188.421 136.31 412.87 
189.399 138.354 414.782 
189.558 139.497 414.766 
190.004 142.505 413.037 
191.689 145.245 411.943 
193.815 148.019 410.242 
193.615 147.159 407.327 
187.157 130.828 413.111 
188.814 132 420.98 
189.299 133 422.593 
189.082 133.833 423.164 
188.355 132.774 420.992 
188.134 130.354 418.083 
188.184 124.158 410.83 
189.156 132.641 415.113 
189.562 131.106 415.819 
192.45 125.51 408.636 
191.937 123.96 406.315 
191.931 123.416 406.481 
192.615 122.821 406.39 
192.588 122.599 406.441 
192.528 122.542 406.75 
191.918 123.154 406.111 
191.866 126.19 408.84 
191.538 125.843 410.654 
191.786 125.752 411.562 
191.403 126.236 412.834 
190.628 128.013 414.632 
190.587 128.794 416.129 
189.968 128.909 416.32 
187.162 128.092 415.354 
185.346 127.22 415.208 
185.346 126.21 413.718 
186.091 124.162 412.497 
187.18 123.178 411.232 
187.805 123.929 410.465 
187.202 123.884 409.979 
186.495 124.085 409.361 
186.677 124.63 409.184 
187.402 125.075 408.88 
187.652 125.353 408.317 
187.974 125.458 407.963 
187.629 125.109 407.298 
187.718 124.631 407.012 
188.332 124.542 406.826 
190.606 125.972 406.769 
190.392 129.727 409.854 
190.703 139.314 410.305 
191.814 144.676 411.77 
193.408 145.578 410.774 
195.437 143.241 409.177 
193.85 141.124 407.654 
193.726 140.22 408.483 
193.284 140.1 410.504 
190.532 132.797 408.501 
189.123 129.649 410.458 
188.817 129.28 410.982 
188.711 130.008 411.75 
188.318 130.118 411.492 
188.876 130.978 411.236 
190.425 135.779 413.496 
190.12 136.056 417.869 
189.525 135.336 419.171 
187.432 134.914 422.167 
188.249 134.17 423.792 
189.307 132.95 423.293 
188.901 133.033 422.999 
188.682 133.386 422.577 
187.629 133.515 419.605 
187.389 132.237 417.317 
186.884 131.293 415.541 
191.106 130.752 419.282 
192.371 127.124 419.926 
192.03 124.285 416.839 
191.756 123.73 415.118 
191.544 123.557 414.701 
190.938 122.504 414.591 
190.782 122.356 413.753 
189.217 124.395 413.516 
189.684 126.755 413.787 
190.414 124.425 413.344 
191.577 128.389 418.542 
189.263 128.516 423.285 
187.693 130.916 426.192 
189.167 131.742 425.631 
188.699 132.99 424.343 
188.67 132.732 421.776 
187.82 131.313 419.304 
188.541 130.829 416.327 
187.848 124.874 414.092 
185.307 123.057 411.803 
186.213 123.471 411.038 
187.539 125.329 410.261 
187.201 126.561 411.516 
188.224 127.434 413.031 
190.176 129.552 414.905 
190.779 130.602 414.933 
190.957 131.656 416.392 
190.612 132.251 416.764 
193.015 132.48 417.231 
193.696 133.098 417.592 
193.983 132.998 416.569 
193.167 130.661 415.959 
193.361 128.597 415.742 
191.17 128.493 413.076 
189.861 125.782 409.673 
187.994 126.209 409.211 
188.21 126.158 409.797 
189.128 126.591 411.185 
189.969 127.483 411.517 
190.898 127.615 410.941 
190.793 127.438 410.539 
191.015 127.027 409.855 
191.387 126.7 409.322 
191.263 126.508 408.954 
191.915 126.817 408.666 
192.146 126.439 408.256 
192.158 126.108 407.995 
192.048 125.756 407.737 
192.832 125.252 407.147 
194.274 125.862 409.087 
193.01 130.132 411.766 
194.719 130.312 410.267 
193.44 131.019 409.406 
192.212 131.004 408.37 
191.163 128.648 406.791 
191.4 133.15 411.296 
191.358 134.183 414.597 
192.097 135.097 415.537 
193.033 138.284 415.564 
193.156 141.444 412.884 
192.996 140.123 411.273 
193.017 137.034 409.951 
192.849 133.931 410.632 
191.65 132.804 413.834 
189.084 126.302 413.144 
187.343 123.697 410.74 
187.845 124.778 409.534 
188.415 126.573 407.834 
189.052 126.347 406.586 
190.321 125.216 406.396 
190.18 134.863 415.606 
189.966 135.401 416.324 
190.361 136.151 416.26 
191.391 135.355 416.088 
191.368 125.873 406.875 
191.489 129.492 408.618 
192.081 129.635 408.881 
192.883 131.77 408.833 
193.592 132.648 409.669 
193.677 131.614 409.946 
196.463 127.949 409.115 
196.782 123.971 407.434 
197.255 124.211 404.333 
196.24 126.08 401.186 
192.39 126.651 399.165 
191.799 125.368 399.927 
191.46 124.195 400.576 
192.557 124.732 400.689 
190.634 129.172 403.765 
189.781 132.071 406.718 
189.798 132.105 409.01 
190.017 131.765 409.893 
190.152 131.307 410.597 
190.978 130.483 410.438 
190.426 130.343 410.233 
190.471 129.983 409.737 
190.258 129.752 408.749 
189.054 129.105 407.762 
190.079 126.396 406.302 
189.092 125.997 405.325 
188.505 127.087 405.301 
189.552 127.728 405.024 
190.88 127.745 405.643 
191.233 127.268 406.35 
191.517 127.049 406.715 
192.447 128.355 407.273 
192.221 126.36 411.773 
193.071 129.222 410.6 
192.821 129.249 409.122 
192.718 129.576 408.459 
191.911 128.992 408.426 
191.866 128.085 408.619 
191.607 125.863 407.868 
190.887 125.578 407.588 
191.362 125.61 408.13 
188.942 126.997 406.542 
190.182 125.947 411.494 
191.227 126.324 412.619 
192.858 127.417 410.34 
190.776 126.147 409.207 
190.374 126.559 409.308 
190.112 126.707 409.515 
191.095 126.008 410.301 
191.412 125.536 411.475 
191.004 125.621 412.044 
191.22 125.675 412.515 
190.61 125.886 412.696 
190.309 125.857 412.873 
189.588 125.649 412.111 
190.343 124.734 409.33 
190.175 124.314 409.622 
194.971 139.853 410.097 
193.851 137.884 408.297 
194.192 135.618 408.606 
192.103 127.743 409.842 
190.939 125.327 410.655 
190.823 125.192 411.046 
189.713 126.48 409.988 
189.127 127.596 409.712 
188.472 126.697 408.681 
188.486 126.077 408.119 
189.459 128.474 409.248 
192.11 132.843 413.308 
190.06 133.829 415.422 
190.301 132.938 416.253 
190.902 132.346 416.754 
190.026 132.265 416.729 
189.189 131.799 415.88 
189.297 131.421 412.03 
192.257 130.58 410.384 
193.017 132.682 413.809 
191.917 124.672 409.381 
189.666 124.332 407.717 
190.798 125.055 406.832 
191.094 125.41 405.921 
191.467 124.985 405.321 
191.789 123.589 405.112 
191.555 123.012 405.565 
191.638 122.451 406.203 
191.975 122.424 407.709 
193.001 128.131 411.178 
192.555 127.396 410.908 
192.028 127.858 411.674 
191.898 128.274 411.914 
191.753 128.567 411.727 
191.567 128.22 411.208 
190.853 127.756 412.053 
191.417 125.893 411.409 
191.795 124.908 411.046 
191.954 124.136 411.083 
191.637 123.711 411.081 
191.477 123.196 411.416 
192.075 123.204 411.386 
191.616 125.718 411.85 
192.886 133.261 415.508 
194.762 134.185 417.172 
194.506 133.762 416.591 
194.196 131.924 414.619 
192.814 128.953 413.4 
190.185 129.1 413.385 
191.781 129.902 415.504 
191.85 129.53 416.033 
192.669 129.299 416.137 
192.107 129.339 416.42 
190.713 129.103 415.67 
189.749 127.909 411.221 
190.725 126.262 408.895 
193.583 128.557 413.108 
194.284 129.629 410.525 
192.39 128.826 408.812 
191.359 122.695 399.052 
193.595 124.016 392.39 
191.896 125.597 395.682 
191.42 128.275 403.567 
192.778 132.913 410.882 
192.701 132.022 410.542 
191.76 133.458 409.256 
194.242 132.733 407.333 
193.965 126.197 405.038 
191.677 122.307 404.143 
191.207 122.156 403.644 
191.41 122.089 403.458 
191.422 122.02 403.264 
191.044 122.091 402.952 
190.484 121.96 402.73 
190.554 121.712 402.659 
189.389 121.872 405.106 
186.896 122.966 405.443 
186.395 122.719 406.429 
185.857 122.155 407.306 
185.311 122.42 410.639 
185.206 122.237 411.744 
185.031 122.444 412.233 
184.375 122.803 412.137 
184.577 123.07 411.513 
184.799 123.598 411.113 
185.391 124.104 410.418 
186.361 124.796 409.41 
186.771 124.812 408.647 
187.779 124.625 407.389 
188.234 124.569 406.678 
188.816 124.593 405.728 
188.744 124.629 404.675 
188.335 124.237 403.839 
188.469 123.803 403.507 
188.622 123.267 403.084 
188.379 123.391 403.337 
188.734 133.946 406.637 
189.867 135.878 408.215 
189.906 138.636 409.45 
191.363 138.814 409.228 
191.326 138.423 408.507 
189.644 135.298 405.197 
187.325 132.279 405.492 
186.857 123.593 402.894 
188.221 124.111 402.959 
188.027 124.538 402.651 
187.82 124.574 402.45 
187.624 123.928 402.256 
187.299 123.244 402.255 
187.01 122.132 401.984 
189.423 130.726 409.582 
190.562 129.981 409.658 
189.379 127.24 408.476 
189.32 126.547 408.468 
188.504 124.47 406.593 
187.966 123.291 405.644 
187.04 122.729 405.447 
186.644 122.454 404.8 
187.274 122.464 403.769 
186.902 122.804 403.478 
187.543 130.167 409.781 
187.657 129.309 415.616 
188.645 129.602 414.823 
190.155 130.271 413.79 
191.075 130.457 412.511 
192.493 130.13 410.966 
191.173 127.344 408.593 
191.614 126.766 408.114 
191.593 126.329 407.641 
191.683 125.964 407.246 
192.22 125.557 406.454 
192.067 125.817 405.958 
192.197 125.984 405.778 
191.814 126.674 405.751 
190.604 124.333 402.56 
190.999 124.48 402.746 
191.284 124.054 405.009 
192.605 124.194 408.542 
192.834 122.69 407.773 
192.717 122.248 407.295 
192.536 122.874 406.828 
192.85 123.317 406.845 
192.48 122.902 406.366 
192.005 122.237 405.276 
191.396 121.66 403.895 
188.835 120.434 401.482 
189.28 119.438 401.514 
191.5 119.892 402.805 
191.621 119.875 406.608 
191.483 119.403 407.553 
191.821 119.025 407.725 
192.385 119.386 408.193 
193.139 120.774 409.68 
194.271 123.927 415.371 
195 123.925 416.856 
195.56 124.03 416.179 
196.181 124.275 415.206 
196.412 123.993 414.999 
196.281 123.168 415.369 
196.619 122.832 414.827 
195.92 122.227 414.035 
192.479 120.224 408.87 
191.066 122.001 408.09 
190.605 121.662 407.971 
190.691 120.591 408.093 
192.929 119.449 410.546 
194.424 120.809 412.717 
195.636 121.456 413.476 
196.154 127.372 412.26 
200.654 132.953 416.768 
199.338 133.824 417.59 
197.313 131.901 414.926 
193.087 122.893 406.299 
193.99 124.08 410.162 
194.649 125.823 411.688 
194.598 127.083 411.15 
194.742 127.666 410.81 
194.751 127.498 410.176 
194.869 127.69 409.578 
195.059 127.571 408.747 
195.418 126.911 408.174 
195.93 126.285 407.802 
198.387 125.648 406.677 
201.197 125.607 403.878 
199.933 125.599 403.153 
200.89 124.868 402.519 
200.429 124.826 401.42 
201.476 124.971 400.632 
196.936 124.605 403.841 
200.976 137.956 406.383 
196.299 132.555 402.259 
195.936 122.934 397.852 
196.873 125.072 399.206 
198.274 127.238 400.569 
198.712 127.79 400.488 
201.186 128.407 401.682 
203.174 128.762 401.586 
202.158 128.225 401.232 
200.326 127.456 400.524 
197.467 127.062 399.73 
198.108 126.734 398.606 
199.73 125.983 398.163 
201.107 124.92 396.515 
202.323 124.335 396.059 
202.56 124.435 395.7 
202.526 125.392 395.104 
200.548 124.928 395.242 
199.605 124.545 396.505 
198.06 124.506 397.828 
196.506 124.75 398.588 
195.818 125.215 399.787 
194.867 125.647 399.492 
194.526 125.598 399.213 
194.56 126.493 398.86 
198.458 127.745 396.982 
200.801 128.423 396.4 
201.109 128.781 395.599 
201.483 128.628 394.81 
200.403 127.653 394.455 
198.62 126.365 395.552 
196.371 125.56 398.804 
194.777 125.215 402.89 
195.417 126.346 404.333 
195.852 127.184 404.523 
195.302 127.005 404.172 
194.842 126.034 403.8 
196.626 131.918 405.19 
197.843 135.371 407.686 
192.013 129.043 408.603 
198.483 125.909 408.377 
198.147 125.582 409.83 
197.238 124.378 411.582 
197.475 125.633 413.738 
195.903 131.418 417.911 
197.796 128.631 417.022 
199.163 126.374 413.908 
198.953 126.226 412.238 
200.059 124.988 406.881 
200.708 130.313 421.68 
201.919 129.908 422.156 
202.214 129.514 422.68 
202.445 128.672 422.769 
202.284 125.639 421.17 
203.886 123.084 419.08 
202.923 123.984 417.836 
202.153 128.241 418.071 
201.786 128.226 417.445 
202.055 126.01 416.099 
201.787 125.314 415.068 
201.831 125.365 414.452 
202.223 125.6 412.844 
200.678 124.905 411.324 
198.893 125.071 408.699 
199.273 125.506 407.137 
198.475 125.686 405.525 
201.059 128.066 410.566 
200.575 130.132 412.069 
200.855 127.21 408.132 
201.738 127.869 407.543 
202.93 125.488 402.775 
202.521 125.562 402.432 
203.636 122.194 414.081 
202.913 123.133 411.813 
206.067 123.496 410.086 
209.428 123.596 407.341 
208.919 123.761 405.263 
208.88 123.818 404.409 
208.181 123.786 403.982 
206.65 123.638 404.911 
199.396 128.242 415.034 
197.113 126.967 417.16 
196.04 125.817 418.204 
200.752 126.067 418.335 
197.982 121.382 416.189 
195.725 122.611 417.501 
196.748 123.399 417.544 
196.684 124.159 416.936 
197.781 124.881 416.232 
198.806 125.278 415.253 
199.168 125.367 414.704 
200.568 125.971 413.396 
201.848 126.676 411.884 
201.373 125.976 410.77 
201.265 125.557 410.162 
200.801 125.737 410.203 
196.665 125.452 413.461 
194.554 123.646 415.646 
192.377 122.186 421.857 
190.155 119.718 429.92 
188.627 117.224 436.436 
188.831 116.25 438.692 
190.027 116.648 438.358 
194.078 118.684 433.935 
198.333 121.884 424.928 
199.558 123.714 420.954 
199.515 124.016 419.879 
199.21 123.72 419.285 
197.238 123.63 419.319 
195.187 123.41 419.543 
195.291 124.284 419.354 
196.403 131.645 421.391 
196.428 133.666 420.68 
197.395 135.503 421.026 
198.282 136.268 421.472 
198.279 136.402 421.386 
197.795 136.078 421.13 
197.293 134.407 420.524 
196.057 133.52 420.082 
194.813 130.879 420.255 
194.447 130.996 418.839 
201.531 130.996 408.688 
201.83 129.972 408.938 
202.222 129.141 411.07 
201.72 128.435 412.697 
200.629 128.068 415.331 
201.577 130.93 417.103 
201.644 131.982 419.101 
200.892 132.483 421.775 
199.48 130.875 422.523 
200.578 130.316 422.971 
201.859 129.21 421.709 
201.908 128.992 420.4 
201.461 127.359 419.559 
199.958 123.344 418.968 
198.656 122.528 418.357 
201.395 121.458 418.265 
200.507 122.46 418.109 
199.861 123.176 417.788 
200.296 122.69 418.607 
201.794 121.64 418.87 
203.118 121.704 418.033 
203.311 121.552 416.552 
205.589 127.507 419.024 
204.196 123.93 420.419 
202.889 122.731 419.557 
202.338 123.191 419.368 
201.946 122.841 418.786 
202.529 122.525 418.324 
203.277 123.765 419.526 
202.283 123.362 418.567 
201.057 127.867 419.845 
200.603 124.769 420.876 
203.11 119.971 417.396 
203.795 121.75 414.211 
205.288 122.563 413.772 
198.168 119.742 414.991 
199.27 122.001 416.295 
199.647 122.187 417.974 
199.936 122.367 419.608 
199.635 125.039 422.486 
198.477 126.991 422.407 
199.719 126.238 421.608 
201.64 121.633 416.319 
202.476 120.554 412.788 
201.302 120.716 411.215 
199.682 120.243 410.7 
199.031 120.244 410.528 
199.003 120.576 410.262 
199.37 121.177 410.127 
199.987 128.517 416.873 
199.661 128.049 416.922 
199.573 126.717 415.857 
199.564 126.718 416.584 
197.949 121.204 413.066 
199.328 122.722 409.871 
198.491 123.556 409.767 
198.378 122.454 410.731 
198.978 121.164 410.762 
199.004 120.586 411.235 
199.293 119.215 410.75 
202.36 131.513 417.406 
202.837 130.125 418.521 
202.022 128.602 419.418 
201.821 126.118 417.572 
201.345 121.86 417.462 
204.238 118.882 413.823 
206.365 120.138 410.72 
204.086 121.556 409.437 
203.256 122.844 408.269 
203.222 123.887 408.049 
203.386 124.164 407.773 
202.943 125.085 408.25 
201.049 127.405 409.111 
200.151 128.576 410.349 
198.287 129.209 410.867 
201.161 129.755 411.284 
207.916 128.633 409.108 
205.577 128.262 408.899 
205.011 128.159 407.96 
203.458 128.322 407.19 
202.217 128.428 407.098 
200.71 128.621 406.087 
199.475 127.953 405.295 
199.03 127.094 405.096 
198.588 126.818 404.844 
198.463 126.401 404.527 
198.415 125.288 404.363 
199.661 126.075 405.872 
199.386 127.279 406.286 
198.69 127.438 406.732 
199.046 128.576 406.809 
198.764 130.026 407.698 
199.153 130.789 416.606 
199.552 131.136 416.24 
199.292 131.864 415.941 
199.166 131.609 415.617 
198.558 134.591 415.638 
197.552 136.116 415.887 
200.628 137.432 417.901 
201.187 135.97 416.83 
202.09 134.139 415.19 
198.305 124.131 417.565 
197.951 124.619 417.098 
197.485 131.854 419.896 
198.598 133.939 420.739 
198.768 135.801 420.93 
200.167 135.489 418.737 
200.764 135.036 417.622 
199.77 134.487 416.909 
198.98 130.563 414.488 
198.788 126.472 413.075 
198.37 126.543 412.468 
198.917 126.204 411.972 
195.896 130.327 417.839 
195.503 123.543 414.136 
195.749 122.731 412.861 
196.158 123.691 411.81 
196.674 125.612 409.521 
197.901 126.507 407.492 
199.014 127.118 406.472 
200.127 126.522 406.054 
199.022 127.388 405.272 
196.286 131.667 410.625 
196.271 132.115 412.185 
196.145 133.073 413.452 
196.986 135.306 414.435 
197.802 134.341 414.15 
198.451 126.927 410.516 
196.785 124.433 407.935 
195.788 124.948 406.211 
194.745 125.759 404.948 
196.06 125.933 404.596 
197.067 127.348 403.296 
197.436 128.24 400.741 
196.535 128.473 399.528 
195.393 128.249 399.586 
194.633 127.973 399.943 
194.871 128.013 400.504 
194.849 128.093 400.766 
194.649 127.871 401.271 
194.467 127.327 401.508 
195.381 128.074 402.46 
195.224 129.13 403.392 
196.485 129.375 403.253 
197.015 131.982 404.079 
197.975 135.42 405.948 
196.036 128.293 401.923 
199.435 127.518 404.578 
200.801 124.199 402.613 
199.921 125.079 401.954 
198.827 125.181 402.281 
198.723 124.881 402.073 
198.832 124.491 401.947 
197.872 124.583 403.007 
196.58 125.125 403.978 
158.981 126.942 381.762 
158.751 126.709 381.517 
159.79 126.073 380.11 
161.096 124.649 377.673 
161.348 123.108 376.78 
160.589 121.596 374.131 
161.102 121.642 372.207 
162.574 123.788 373.787 
162.893 125.284 375.223 
162.539 125.981 375.579 
161.788 127.877 376.529 
162.352 133.651 379.992 
164.037 135.268 383.347 
164.75 133.566 384.626 
164.769 130.24 384.632 
164.192 128.585 384.387 
163.756 122.391 378.985 
163.093 118.886 376.123 
163.069 118.524 375.477 
164.087 118.653 376.167 
165.073 118.667 376.687 
165.734 126.741 388.181 
166.983 127.285 389.606 
167.783 128.096 391.179 
169.252 132.486 391.781 
170.177 131.499 390.419 
170.695 122.781 386.174 
170.686 121.783 385.146 
171.315 121.258 384.261 
171.66 120.294 382.184 
171.752 120.016 381.895 
172.206 120.419 379.771 
173.03 119.22 378.869 
172.263 118.294 377.376 
170.491 119.307 375.308 
162.727 125.709 364.557 
158.851 127.771 360.865 
156.229 129.716 357.086 
154.942 131.184 354.748 
154.626 131.862 353.713 
156.568 129.838 355.658 
156.054 129.055 356.211 
155.482 127.704 357.695 
153.923 126.831 357.368 
152.045 124.609 354.752 
150.637 122.162 352.008 
148.641 119.753 346.961 
149.206 118.897 343.418 
150.884 118.805 341.124 
152.336 118.49 339.788 
155.146 117.088 339.731 
157.121 121.563 342.421 
156.124 120.891 343.07 
155.29 121.001 344.327 
153.961 123.083 347.622 
154.05 125.45 350.36 
153.308 125.14 350.383 
154.364 125.177 350.663 
157.782 127.336 352.91 
158.305 127.507 353.768 
158.171 126.898 354.86 
150.284 123.661 353.082 
149.939 122.231 352.32 
149.686 124.017 351.769 
151.271 125.954 351.933 
154.169 125.655 354.978 
156.783 123.571 355.117 
159.943 123.097 354.172 
161.463 124.699 353.003 
159.654 124.937 349.848 
158.042 125.775 342.27 
157.396 130.84 330.145 
155.95 136.13 325.171 
156.327 135.304 316.855 
156.72 136.877 313.36 
155.078 136.565 307.063 
155.854 135.926 308.772 
152.799 137.363 312.509 
149.165 135.886 308.511 
148.133 136.029 308.717 
142.661 129.812 301.084 
142.429 128.064 307.55 
142.112 125.612 318.776 
141.99 124.338 330.841 
141.848 122.899 348.897 
142.085 120.651 369.954 
142.171 120.633 381.454 
141.53 122.392 398.931 
140.619 124.256 412.985 
140.885 125.103 421.365 
142.313 126.025 427.673 
143.975 127.987 431.242 
144.082 128.205 431.733 
143.404 126.761 428.289 
142.401 125.248 415.692 
142.112 125.2 394.553 
142.567 125.53 364.987 
143.397 125.578 351.564 
142.495 125.348 340.017 
141.801 124.835 328.108 
142.498 124.68 320.974 
144.366 125.432 313.926 
150.176 128.665 315.245 
149.494 129.704 313.204 
146.416 128.779 311.794 
144.314 128.071 313.056 
141.121 129.016 317.176 
132.157 126.548 312.569 
130.66 128.457 315.415 
129.297 131.449 319.565 
128.5 133.758 327.221 
131.188 137.054 339.467 
133.713 138.114 346.92 
135.289 139.33 351.455 
140.439 138.652 363.003 
147.082 136.507 377.77 
148.445 128.907 390.629 
148.779 129.12 389.677 
149.288 129.043 389.464 
150.639 128.431 388.589 
153.044 127.538 384.196 
152.661 128.103 376.606 
153.297 126.846 362.18 
152.403 129.414 351.77 
149.39 134.431 346.177 
148.41 131.997 341.789 
148.28 129.919 340.161 
149.159 129.241 340.606 
149.935 129.891 341.648 
150.788 131.356 343.307 
151.244 131.662 344.379 
151.598 132.373 345.946 
153.132 134.109 350.339 
153.39 132.759 351.883 
154.024 131.404 351.22 
154.484 130.31 350.871 
153.443 127.022 349.735 
152.555 125.445 349.554 
151.772 125.425 350.562 
151.667 125.601 351.019 
151.865 125.84 351.458 
152.585 126.013 351.741 
153.159 123.722 353.156 
153.616 122.981 353.826 
153.356 123.328 355.65 
152.65 123.059 357.118 
152.169 121.77 355.949 
152.255 121.071 355.86 
152.131 120.115 355.188 
152.554 119.995 355.956 
152.931 119.892 355.832 
153.128 120.286 356.261 
153.895 120.462 356.703 
154.805 119.819 357.575 
154.099 120.39 357.437 
153.556 120.437 358.864 
153.532 122.072 364.122 
153.927 127.561 368.152 
154.569 130.167 368.695 
153.992 131.856 368.653 
152.983 134.189 368.086 
152.69 134.374 365.497 
153.249 133.771 362.221 
153.796 131.657 357.695 
154.792 127.231 348.35 
152.684 130.641 349.461 
151.54 132.05 349.296 
151.988 131.704 348.229 
152.184 131.384 348.606 
152.545 132.274 349.219 
152.563 133.944 349.463 
152.706 134.181 352.404 
153.702 136.417 356.073 
153.746 133.19 351.015 
154.928 129.317 351.152 
153.634 128 350.703 
153.615 128.207 351.464 
153.669 128.302 350.932 
153.528 128.246 350.475 
153.62 127.995 349.543 
153.635 127.576 349.401 
153.677 127.029 349.126 
153.351 126.693 349.029 
153.105 126.689 348.932 
153.24 131.673 353.872 
153.136 133.161 354.95 
153.212 135.158 357.51 
152.321 137.557 359.363 
152.131 138.507 359.402 
152.63 138.995 360.031 
153.025 138.129 359.589 
153.085 135.3 357.904 
152.482 134.194 356.247 
149.25 132.008 349.321 
142.373 131.584 342.956 
138.282 132.579 339.177 
136.625 132.968 337.929 
135.844 132.158 337.684 
134.672 132.15 338.12 
134.545 130.88 338.513 
134.444 130.612 339.284 
134.714 130.239 339.94 
135.751 130.858 342.856 
136.235 131.141 344.441 
136.066 130.906 344.769 
136.742 131.71 347.677 
137.312 132.502 349.325 
136.445 131.682 349.024 
135.358 131.072 347.878 
133.817 129.71 344.875 
135.465 126.521 340.779 
137.896 126.234 339.445 
140.299 128.939 344.098 
140.904 129.234 347.023 
140.541 129.831 347.756 
140.873 130.665 348.47 
140.632 130.366 349.195 
140.465 129.108 348.181 
140.838 127.356 347.278 
140.113 125.748 344.848 
138.922 123.486 341.664 
136.542 122.42 336.013 
136.104 124.936 329.679 
137.165 125.762 325.549 
138.22 126.573 321.936 
139.277 128.033 319.207 
140.107 128.167 318.986 
140.506 130.175 321.033 
139.87 130.263 319.634 
139.901 131.057 319.198 
141.051 134.257 321.666 
125.593 140.478 320.398 
126.25 141.457 320.683 
127.183 141.119 320.891 
128.884 141.689 321.912 
130.148 141.889 321.378 
129.988 142.364 318.608 
129.811 142.952 317.487 
129.987 141.989 317.154 
130.911 141.77 317.73 
132.001 144.341 321.241 
132.261 144.836 321.703 
131.548 144.537 323.501 
133.108 143.159 327.348 
134.226 141.897 332.678 
134.767 139.234 336.027 
135.62 134.651 344.797 
136.724 133.828 356.898 
136.126 134.911 372.735 
133.904 133.777 381.656 
131.525 134.76 390.624 
128.89 136.243 399.373 
127.928 136.731 405.429 
127.775 137.014 411.965 
127.121 136.544 419.461 
126.762 136.088 425.049 
126.121 135.129 428.205 
126.2 134.675 430.056 
125.563 134.513 432.06 
124.357 134.896 433.081 
120.522 138.628 420.281 
119.998 142.043 401.443 
120.457 146.379 382.115 
119.763 147.95 358.62 
119.374 148.105 348.629 
119.477 146.634 341.684 
120.201 145.835 337.936 
120.018 144.137 333.565 
120.176 143.579 329.676 
120.22 142.821 326.436 
119.403 142 321.154 
117.759 139.595 312.216 
118.857 139.58 308.928 
117.412 137.968 305.056 
115.484 135.488 298.83 
114.15 132.855 294.562 
113.804 131.895 289.419 
113.209 131.593 287.389 
112.744 131.18 285.828 
112.89 130.384 286.403 
113.652 129.906 288.534 
115.056 130.133 292.082 
118.467 131.531 300.201 
125.588 131.782 323.012 
125.403 131.231 331.973 
125.816 130.641 339.933 
125.936 131.389 346.723 
125.002 132.166 356.794 
124.422 133.934 366.549 
124.798 140.693 389.888 
123.363 143.297 392.645 
122.441 145.066 393.98 
123.461 144.197 392.043 
122.706 141.016 388.569 
121.824 136.997 382.526 
121.694 136.52 379.497 
122.115 136.691 377.417 
122.503 136.152 376.191 
122.537 135.567 374.733 
122.309 135.082 373.035 
121.805 140.183 366.818 
122.461 140.337 364.327 
123.351 141.199 363.411 
124.2 141.215 361.947 
125.57 141.138 359.561 
126.437 141.322 357.851 
126.464 141.328 354.203 
124.855 138.359 349.529 
124.271 137.269 345.218 
125.632 136.978 342.106 
125.579 138.286 337.26 
129.583 137.5 331.129 
132.25 136.073 328.963 
132.984 135.264 328.483 
136.121 134.535 326.339 
141.939 134.83 320.483 
144.493 140.34 312.216 
145.004 140.858 307.939 
144.472 141.379 305.217 
141.883 141.649 305.507 
140.07 141.853 308.729 
140.192 142.723 312.341 
138.247 142.253 318.384 
137.087 142.98 318.149 
139.241 140.702 304.882 
139.393 138.525 301.209 
137.164 139.265 300.663 
134.716 145.932 298.522 
133.763 147.813 304.24 
132.695 147.081 306.518 
133.468 144.819 309.24 
132.1 140.744 320.907 
132.884 131.913 348.473 
132.704 130.637 350.472 
130.441 125.336 346.285 
129.291 124.51 344.412 
127.137 124.837 347.068 
126.805 125.016 351.201 
127.561 125.594 358.483 
128.639 126.122 362.924 
129.674 128.195 368.195 
129.82 132.103 375.066 
130.681 133.881 377.621 
131.841 134.938 379.151 
133.167 135.216 380.481 
133.637 135.344 381.785 
134.759 137.316 380.035 
129.656 135.089 365.949 
126.886 134.687 356.897 
126.227 134.859 352.067 
125.614 134.934 349.762 
124.056 134.935 348.762 
122.375 135.796 350.026 
121.842 137.105 352.646 
126.483 143.453 383.187 
128.892 144.317 386.977 
130.631 142.44 389.966 
132.52 139.087 390.908 
134.98 135.962 390.335 
138.548 132.072 385.368 
141.575 128.784 379.279 
145.504 126.483 369.132 
148.676 125.752 360.888 
150.624 127.026 353.308 
152.8 127.698 348.032 
154.634 127.953 344.042 
154.746 127.698 340.693 
152.869 127.162 337.574 
149.547 126.799 333.165 
146.449 127.218 327.878 
144.651 127.502 324.036 
142.57 127.576 319.594 
141.593 129.136 316.623 
142.507 130.759 314.859 
144.164 131.761 317.19 
151.974 134.855 322.783 
154.822 134.425 323.853 
157.41 133.797 325.1 
160.811 133.018 326.48 
162.087 131.206 328.164 
160.817 129.148 327.232 
159.565 127.397 327.479 
156.2 127.509 325.664 
152.052 128.581 322.524 
148.544 130.273 320.762 
143.918 131.662 324.576 
143.412 131.292 327.495 
141.959 134.66 330.751 
144.269 136.686 339.687 
145.606 137.636 349.053 
146.468 137.822 356.586 
145.825 132.359 382.366 
141.508 132.676 371.836 
136.982 136.219 365.318 
134.287 138.345 361.418 
134.467 138.874 359.856 
136.792 138.745 358.635 
138.139 138.037 359.271 
140.226 136.001 361.183 
140.564 136.591 361.688 
139.763 137.416 361.511 
138.888 138.15 360.548 
137.326 136.753 358.514 
134.624 137.063 353.53 
133.808 137.166 349.872 
130.828 140.014 342.2 
128.242 142.297 334.638 
129.099 144.256 333.327 
130.334 146.138 333.615 
129.599 144.175 331.436 
130.279 142.225 329.85 
132.703 139.817 323.438 
136.746 137.464 318.844 
140.815 135.543 315.734 
145.456 135.458 314.347 
144.515 133.352 311.733 
144.502 132.503 311.458 
144.381 131.04 312.75 
146.008 128.503 315.833 
147.18 127.359 319.258 
150.415 126.152 323.581 
153.064 126.223 327.238 
156.914 125.688 333.398 
158.927 125.263 335.314 
159.809 125.049 337.221 
160.143 124.698 339.079 
159.962 124.207 340.411 
158.806 122.825 340.506 
157.771 122.849 341.136 
156.622 123.658 342.3 
153.451 125.108 342.445 
148.926 126.843 342.238 
147.356 127.874 343.668 
146.824 128.103 345.425 
146.436 128.747 348.428 
146.597 129.252 354.403 
147.307 129.44 360.786 
146.407 131.284 366.052 
145.327 132.302 368.871 
144.438 133.345 374.277 
143.921 134.647 380.19 
143.694 135.372 385.381 
143.857 136.344 390.277 
142.559 136.763 395.1 
141.464 137.847 397.841 
140.488 139.744 398.38 
140.074 145.993 398.941 
139.753 147.546 396.829 
140.155 149.449 393.275 
139.597 150.402 387.128 
138.956 151.204 379.971 
140.403 152.43 377.09 
140.531 152.401 373.747 
140.598 151.615 369.332 
140.626 151.077 363.501 
141.226 152.91 356.555 
140.284 155.571 340.971 
137.709 156.801 330.682 
133.005 160.069 321.059 
130.784 162.385 315.369 
130.104 163.685 312.184 
131.583 163.186 311.355 
131.309 162.147 311.173 
132.492 159.904 312.295 
134.497 156.373 314.229 
139.668 145.827 322.085 
140.203 141.195 322.275 
140.648 139.009 322.336 
141.977 138.057 320.543 
142.751 138.713 316.137 
143.797 138.759 312.328 
143.585 140.617 306.655 
139.76 151.63 296.933 
139.121 153.715 294.454 
139.797 153.056 292.274 
140.511 151.248 291.979 
141.837 148.242 297.093 
140.473 141.307 295.675 
139.487 139.147 295.853 
138.784 138.747 295.587 
138.073 138.735 296.764 
137.812 138.431 299.616 
138.909 137.062 304.32 
140.985 135.465 309.706 
142.933 134.536 313.317 
145.212 134.133 320.276 
146.486 134.076 329.499 
147.461 133.533 336.991 
148.272 132.896 344.506 
149.836 133.021 353.723 
151.252 133.462 361.275 
151.491 133.537 365.968 
153.074 136.742 370.248 
154.393 137.386 373.943 
154.878 137.595 377.478 
154.272 137.628 380.355 
153.944 137.384 380.52 
151.586 134.905 367.039 
151.693 135.519 362.133 
151.549 136.068 356.851 
150.842 137.015 352.419 
150.691 137.089 349.938 
150.498 136.689 348.985 
149.777 137.508 348.953 
149.115 137.734 351.842 
148.556 136.94 362.236 
148.781 137.293 367.464 
150.272 139.405 369.565 
151.273 139.378 370.599 
152.09 139.113 371.377 
153.081 138.434 372.156 
153.972 137.377 372.017 
153.451 137.299 371.547 
151.116 137.056 364.649 
149.204 137.986 360.344 
146.933 135.904 348.44 
150 138.816 327.255 
150.42 147.142 315.897 
148.728 146.925 311.28 
146.608 143.481 303.705 
145.023 140.442 297.162 
142.895 139.775 289.22 
142.205 141.224 286.982 
139.071 141.539 281.464 
138.052 142.141 277.918 
138.009 142.558 275.833 
138.389 142.063 275.094 
138.696 141.027 275.705 
139.214 140.367 277.207 
140.104 139.285 277.721 
140.828 139.519 278.926 
140.719 140.11 280.277 
141.294 142.498 281.692 
142.086 144.791 283.186 
142.196 146.826 283.716 
141.59 145.716 284.275 
141.061 145.421 284.416 
140.999 144.886 284.601 
141.804 144.029 285.567 
142.876 141.942 288.169 
143.057 140.599 290.56 
142.209 140.484 292.915 
140.834 140.047 295.758 
136.407 142.325 307.237 
136.228 142.865 305.249 
135.364 143.176 304.47 
134.197 145.016 303.093 
135.307 146.398 309.531 
136.677 145.987 319.572 
136.747 146.933 332.414 
136.556 146.706 349.131 
136.083 144.409 363.273 
138.305 143.041 386.435 
138.579 144.144 395.089 
137.283 144.185 400.376 
131.719 155.452 396.317 
126.571 161.708 396.32 
121.439 167.675 398.295 
121.134 156.595 419.065 
123.07 153.539 419.718 
125.197 151.274 418.917 
128.024 148.981 414.495 
130.727 147.929 406.918 
132.863 148.033 399.182 
134.243 147.915 392.822 
135.715 147.195 384.057 
137.09 146.853 369.587 
136.48 147.494 354.381 
136.646 146.961 346.48 
136.901 146.339 339.709 
136.35 149.802 337.448 
137.565 150.322 336.551 
138.792 149.407 336.532 
144.514 143.571 327.852 
144.129 142.236 322.561 
143.361 141.592 320.43 
142.542 140.725 319.657 
141.823 139.567 319.017 
141.425 138.979 318.917 
140.996 138.607 318.128 
140.378 139.157 317.974 
138.34 139.409 316.38 
138.066 139.067 315.71 
138.472 138.579 314.539 
140.192 136.701 314.216 
142.391 134.706 313.453 
145.767 133.436 312.069 
149.202 133.068 310.077 
154.812 132.816 304.923 
157.516 132.359 301.883 
159.077 131.637 299.404 
162.041 131.214 300.016 
165.353 130.872 303.111 
169.546 130.229 305.059 
171.153 130.321 306.5 
167.714 134.973 308.849 
155.493 130.441 312.297 
152.05 128.05 309.22 
146.311 127.523 305.094 
143.046 128.26 296.347 
142.682 131.409 289.745 
143.519 135.15 288.212 
142.278 136.962 287.998 
142.727 137.982 286.422 
143.833 139.017 285.354 
144.11 140.027 284.291 
144.725 140.25 278.981 
142.676 137.473 272.946 
140.188 137.217 271.656 
129.73 148.153 273.417 
126 151.407 289.161 
125.822 152.026 297.851 
128.067 151.934 304.656 
128.9 152.714 318.275 
129.712 150.154 327.622 
132.776 145.105 333.512 
137.241 140.122 338.78 
138.163 138.343 338.864 
138.435 136.213 339.314 
136.764 130.145 336.927 
136.087 124.254 330.008 
136.22 121.656 320.617 
141.101 119.104 307.716 
142.143 119.071 297.87 
142.287 123.531 284.154 
145.14 129.002 271.388 
140.492 130.367 262.829 
136.998 131.529 264.349 
133.901 135.212 264.198 
130.842 139.016 266.69 
130.419 138.019 266.224 
130.393 137.401 265.818 
129.87 136.546 265.293 
130.603 135.082 265.556 
131.105 131.428 265.885 
131.588 129.086 267.461 
128.861 127.775 264.586 
130.282 129.785 264.137 
130.074 130.709 266.026 
130.723 127.832 266.776 
132.291 126.54 263.769 
133.745 129.65 260.902 
136.17 128.247 265.373 
138.792 130.038 274.984 
137.099 131.742 287.365 
138.624 130.049 299.859 
136.541 128.25 304.712 
135.13 131.206 307.519 
134.954 134.831 308.159 
134.419 138.749 308.905 
133.911 140.287 309.053 
129.218 132.349 303.918 
130.612 130.395 301.057 
131.644 128.613 298.662 
132.113 125.534 294.645 
131.934 125.689 292.846 
132.378 124.975 292.896 
132.207 124.883 292.749 
132.178 125.051 292.294 
133.953 125.202 292.578 
135.888 124.594 293.185 
136.915 121.077 293.481 
137.526 119.712 295.027 
136.519 124.348 297.184 
136.134 126.399 297.332 
135.588 128.082 300.491 
135.231 129.036 303.477 
140.418 130.966 306.381 
141.744 130.47 306.544 
141.654 129.433 307.611 
141.537 128.914 309.228 
141.406 128.823 308.804 
143.717 127.593 308.231 
146.731 120.501 294.119 
147.427 120.473 292.943 
147.758 120.981 292.957 
147.181 122.012 292.897 
146.729 121.879 293.028 
148.574 122.137 296.858 
150.915 121.32 298.203 
153.481 119.792 300 
155.671 118.122 302.239 
157.08 115.971 303.853 
157.457 114.808 304.89 
156.22 114.995 305.454 
149.718 121.256 310.292 
149.883 120.948 311.442 
149.695 121.564 312.461 
149.282 123.93 313.82 
149.592 126.942 314.865 
150.368 127.398 313.72 
150.832 127.316 313.279 
149.908 126.887 313.202 
149.223 125.998 311.943 
147.551 123.821 309.63 
142.713 120.681 304.245 
140.188 120.454 300.204 
140.645 120.943 298.405 
144.782 121.814 299.468 
146.687 121.361 298.766 
149.497 121.891 299.421 
149.809 124.234 300.12 
150.525 126.27 301.145 
152.371 127.797 300.47 
152.577 130.762 298.587 
151.516 133.762 297.974 
151.787 135.108 298.628 
153.791 135.088 300.921 
153.344 133.253 299.23 
151.898 129.315 293.64 
152.278 129.153 291.429 
151.985 129.626 290.639 
151.479 131.151 288.944 
150.833 133.11 287.853 
147.891 135.422 290.545 
149.959 130.405 293.424 
151.766 127.413 294.326 
152.525 126.369 294.92 
152.819 126.151 296.039 
154.623 125.079 296.653 
154.697 124.713 296.189 
154.573 124.413 296.922 
153.058 125.094 296.691 
152.337 125.263 296.985 
152.443 125.287 296.749 
152.721 124.562 297.125 
151.883 123.856 297.356 
151.468 123.394 296.601 
152.451 123.837 299.085 
152.854 133.514 304.887 
152.472 133.217 304.902 
151.71 133.793 307.4 
150.87 135.134 309.496 
149.326 138.013 312.077 
147.744 136.317 310.504 
146.964 133.343 308.406 
148.21 132.644 305.886 
145.642 128.043 306.06 
142.686 121.92 302.386 
142.573 121.258 304.454 
142.863 120.407 305.966 
144.661 119.93 307.355 
145.015 119.76 309.054 
145.327 118.582 312.256 
145.326 119.932 315.9 
145.353 121.539 316.993 
144.785 122.304 316.34 
145.761 126.038 317.71 
148.896 135.252 320.925 
148.856 133.93 321.994 
147.823 130.57 319.57 
146.296 126.524 315.51 
143.892 124.837 310.67 
143.464 125.847 306.13 
147.733 125.241 303.994 
149.886 124.94 302.456 
150.533 126.151 302.095 
151.481 127.911 303.708 
150.23 128.223 304.853 
148.87 127.494 305.193 
148.184 126.42 307.304 
148.265 127.195 311.132 
148.786 128.424 315.107 
148.1 129.561 316.172 
148.643 130.157 317.489 
148.204 130.959 316.669 
148.103 131.718 317.349 
148.999 131.397 317.141 
148.164 131.154 316.823 
146.923 130.648 316.004 
145.938 130.325 315.777 
144.236 130.163 314.617 
143.949 130.001 314.271 
144.595 130.519 313.749 
146.658 126.901 304.566 
147.912 129.295 295.769 
147.663 131.096 293.144 
147.954 131.013 292.132 
148.071 130.777 291.181 
147.296 128.732 291.455 
142.649 126.982 302.484 
143.855 124.641 308.203 
147.412 122.432 311.293 
151.525 120.529 309.21 
152.465 121.375 307.601 
154.269 124.46 305.055 
154.09 131.126 303.526 
153.822 133.077 303.931 
152.26 133.992 304.224 
152.735 136.255 304.638 
153.568 137.909 303.999 
154.295 138.396 304.439 
154.963 137.716 303.685 
155.578 137.602 304.365 
155.487 136.68 303.726 
155.83 134.573 304.123 
154.959 135.761 304.181 
153.128 132.705 298.103 
149.446 131.675 294.678 
146.333 130.981 292.788 
145.979 129.822 293.901 
146.524 128.152 295.373 
146.999 127.223 296.806 
150.104 126.046 298.945 
151.045 126 298.342 
152.455 124.891 299.014 
151.765 125.249 300.622 
149.554 126.074 301.795 
147.897 131.637 312.05 
148.515 131.406 314.13 
148.51 131.534 315.821 
149.609 132.419 318.432 
152.025 132.945 319.544 
151.321 131.99 316.581 
149.904 131.674 317.636 
148.929 130.017 315.78 
149.283 132.274 315.252 
149.476 130.355 315.755 
149.104 129.788 315.945 
149.36 127.712 313.2 
150.311 125.489 310.045 
149.897 124.299 306.869 
150.594 121.769 305.404 
148.663 132.314 295.617 
147.534 134.884 294.655 
147.177 135.89 293.731 
147.24 136.798 302.681 
144.13 133.804 301.356 
142.171 135.093 295.154 
135.001 144.808 286.199 
131.252 160.375 277.187 
127.483 163.752 276.429 
126.122 164.156 278.011 
126.508 161.825 290.365 
127.356 158.774 306.349 
128.707 153.276 327.233 
131.246 147.702 354.661 
134.971 140.072 366.469 
137.571 137.847 372.203 
138.632 137.302 375.129 
139.618 138.154 379.935 
140.576 138.564 383.052 
141.708 138.469 382.693 
141.84 137.945 380.346 
140.847 135.807 372.413 
139.461 133.938 349.17 
136.57 132.987 326.073 
131.663 135.217 301.734 
128.303 136.356 286.361 
129.388 133.14 281.179 
131.125 133.099 277.971 
130.44 135.063 278.05 
127.704 135.203 281.08 
127.821 137.202 285.623 
128.263 138.16 287.329 
129.426 138.955 289.888 
129.9 138.751 292.011 
130.125 135.404 293.722 
129.313 134.331 296.095 
125.114 132.195 295.038 
117.183 133.242 289.189 
116.582 132.274 288.085 
116.231 132.42 290.886 
112.759 136.303 296.38 
112.7 135.874 301.385 
115.52 138.405 310.918 
117.706 137.803 317.627 
118.146 134.27 317.554 
117.794 133.662 317.176 
117.223 133.75 316.39 
116.944 134.525 315.207 
118.124 137.754 315.572 
118.892 138.041 314.999 
131.003 140.625 317.86 
133.068 138.669 317.884 
134.804 134.64 314.459 
136.195 133.308 312.431 
137.57 132.879 310.919 
138.751 132.798 309.467 
139.503 132.464 307.651 
140.454 132.773 306.601 
143.099 132.427 306.104 
147.035 132.46 306.817 
150.41 132.573 308.183 
153.491 134.335 309.005 
153.042 135.107 309.796 
152.627 135.22 310.818 
153.369 138.702 312.569 
153.091 141.238 313.274 
153.051 142.15 314.643 
152.82 137.512 309.819 
152.95 137.791 308.713 
152.827 136.739 310.541 
152.261 135.172 311.285 
